0 0 0
0.0099995 -0.00499992 0.01
0.0199975 -0.0149993 0.02
0.029993 -0.029997 0.03
0.039985 -0.0499917 0.04
0.0499725 -0.0749813 0.05
0.0599545 -0.104963 0.06
0.06993 -0.139935 0.07
0.079898 -0.179892 0.08
0.0898576 -0.224831 0.09
0.0998076 -0.274748 0.1
0.109747 -0.329637 0.11
0.119675 -0.389493 0.12
0.129591 -0.45431 0.13
0.139493 -0.524082 0.14
0.149381 -0.598801 0.15
0.159253 -0.67846 0.16
0.169109 -0.763051 0.17
0.178947 -0.852566 0.18
0.188767 -0.946995 0.19
0.198568 -1.04633 0.2
0.208348 -1.15056 0.21
0.218107 -1.25967 0.22
0.227844 -1.37366 0.23
0.237557 -1.49251 0.24
0.247246 -1.61622 0.25
0.25691 -1.74476 0.26
0.266548 -1.87812 0.27
0.276159 -2.0163 0.28
0.285741 -2.15928 0.29
0.295294 -2.30704 0.3
0.304818 -2.45957 0.31
0.31431 -2.61685 0.32
0.323771 -2.77887 0.33
0.333198 -2.94561 0.34
0.342592 -3.11706 0.35
0.351951 -3.2932 0.36
0.361274 -3.47401 0.37
0.370561 -3.65947 0.38
0.37981 -3.84956 0.39
0.38902 -4.04427 0.4
0.398192 -4.24358 0.41
0.407322 -4.44746 0.42
0.416412 -4.65589 0.43
0.42546 -4.86886 0.44
0.434464 -5.08634 0.45
0.443425 -5.30832 0.46
0.45234 -5.53476 0.47
0.46121 -5.76565 0.48
0.470034 -6.00096 0.49
0.478809 -6.24068 0.5
0.487537 -6.48477 0.51
0.496215 -6.73321 0.52
0.504843 -6.98597 0.53
0.51342 -7.24304 0.54
0.521945 -7.50438 0.55
0.530418 -7.76998 0.56
0.538837 -8.03979 0.57
0.547202 -8.31381 0.58
0.555511 -8.59199 0.59
0.563764 -8.87431 0.6
0.571961 -9.16074 0.61
0.5801 -9.45126 0.62
0.58818 -9.74583 0.63
0.596201 -10.0444 0.64
0.604162 -10.347 0.65
0.612062 -10.6536 0.66
0.6199 -10.9641 0.67
0.627676 -11.2785 0.68
0.635388 -11.5967 0.69
0.643037 -11.9188 0.7
0.65062 -12.2448 0.71
0.658138 -12.5745 0.72
0.66559 -12.9079 0.73
0.672975 -13.245 0.74
0.680292 -13.5859 0.75
0.68754 -13.9303 0.76
0.694719 -14.2784 0.77
0.701828 -14.63 0.78
0.708867 -14.9852 0.79
0.715834 -15.3439 0.8
0.722729 -15.706 0.81
0.729551 -16.0716 0.82
0.7363 -16.4406 0.83
0.742974 -16.8129 0.84
0.749574 -17.1885 0.85
0.756098 -17.5674 0.86
0.762547 -17.9496 0.87
0.768918 -18.335 0.88
0.775212 -18.7235 0.89
0.781428 -19.1152 0.9
0.787566 -19.5099 0.91
0.793624 -19.9077 0.92
0.799602 -20.3085 0.93
0.8055 -20.7123 0.94
0.811317 -21.119 0.95
0.817052 -21.5286 0.96
0.822705 -21.9411 0.97
0.828276 -22.3563 0.98
0.833762 -22.7743 0.99
0.839165 -23.1951 1
0.844484 -23.6185 1.01
0.849718 -24.0445 1.02
0.854866 -24.4732 1.03
0.859928 -24.9044 1.04
0.864904 -25.3381 1.05
0.869793 -25.7743 1.06
0.874594 -26.2129 1.07
0.879307 -26.6539 1.08
0.883932 -27.0972 1.09
0.888468 -27.5428 1.1
0.892915 -27.9906 1.11
0.897271 -28.4407 1.12
0.901538 -28.8929 1.13
0.905714 -29.3472 1.14
0.909799 -29.8036 1.15
0.913792 -30.262 1.16
0.917694 -30.7223 1.17
0.921503 -31.1847 1.18
0.92522 -31.6488 1.19
0.928843 -32.1149 1.2
0.932373 -32.5827 1.21
0.93581 -33.0522 1.22
0.939152 -33.5235 1.23
0.9424 -33.9964 1.24
0.945553 -34.4708 1.25
0.948611 -34.9469 1.26
0.951574 -35.4244 1.27
0.954441 -35.9034 1.28
0.957213 -36.3839 1.29
0.959888 -36.8656 1.3
0.962466 -37.3487 1.31
0.964948 -37.8331 1.32
0.967333 -38.3187 1.33
0.96962 -38.8054 1.34
0.97181 -39.2933 1.35
0.973903 -39.7822 1.36
0.975897 -40.2722 1.37
0.977794 -40.7631 1.38
0.979592 -41.2549 1.39
0.981291 -41.7477 1.4
0.982892 -42.2412 1.41
0.984395 -42.7355 1.42
0.985798 -43.2306 1.43
0.987102 -43.7263 1.44
0.988307 -44.2227 1.45
0.989413 -44.7196 1.46
0.990419 -45.2171 1.47
0.991326 -45.715 1.48
0.992133 -46.2134 1.49
0.99284 -46.7121 1.5
0.993448 -47.2112 1.51
0.993956 -47.7106 1.52
0.994364 -48.2101 1.53
0.994671 -48.7099 1.54
0.994879 -49.2098 1.55
0.994987 -49.7098 1.56
0.994995 -50.2098 1.57
0.994903 -50.7097 1.58
0.994711 -51.2097 1.59
0.994419 -51.7094 1.6
0.994027 -52.2091 1.61
0.993536 -52.7085 1.62
0.992944 -53.2076 1.63
0.992252 -53.7064 1.64
0.991461 -54.2048 1.65
0.99057 -54.7028 1.66
0.98958 -55.2004 1.67
0.98849 -55.6974 1.68
0.987301 -56.1938 1.69
0.986012 -56.6897 1.7
0.984625 -57.1848 1.71
0.983138 -57.6793 1.72
0.981553 -58.173 1.73
0.979869 -58.6658 1.74
0.978087 -59.1578 1.75
0.976206 -59.6489 1.76
0.974227 -60.139 1.77
0.97215 -60.6281 1.78
0.969976 -61.1161 1.79
0.967704 -61.6031 1.8
0.965334 -62.0888 1.81
0.962868 -62.5734 1.82
0.960305 -63.0567 1.83
0.957645 -63.5387 1.84
0.954889 -64.0193 1.85
0.952037 -64.4985 1.86
0.94909 -64.9763 1.87
0.946047 -65.4526 1.88
0.942909 -65.9274 1.89
0.939676 -66.4005 1.9
0.936348 -66.872 1.91
0.932927 -67.3418 1.92
0.929412 -67.8099 1.93
0.925803 -68.2762 1.94
0.922101 -68.7407 1.95
0.918307 -69.2033 1.96
0.91442 -69.664 1.97
0.910441 -70.1227 1.98
0.906371 -70.5794 1.99
0.902209 -71.0341 2
0.897957 -71.4866 2.01
0.893614 -71.937 2.02
0.889182 -72.3852 2.03
0.88466 -72.8312 2.04
0.88005 -73.2749 2.05
0.87535 -73.7162 2.06
0.870563 -74.1552 2.07
0.865688 -74.5918 2.08
0.860726 -75.0259 2.09
0.855678 -75.4575 2.1
0.850543 -75.8865 2.11
0.845323 -76.313 2.12
0.840018 -76.7368 2.13
0.834629 -77.158 2.14
0.829155 -77.5765 2.15
0.823598 -77.9922 2.16
0.817958 -78.405 2.17
0.812236 -78.8151 2.18
0.806432 -79.2223 2.19
0.800547 -79.6265 2.2
0.794582 -80.0278 2.21
0.788536 -80.4261 2.22
0.782411 -80.8213 2.23
0.776208 -81.2135 2.24
0.769926 -81.6025 2.25
0.763567 -81.9884 2.26
0.757131 -82.3711 2.27
0.750618 -82.7505 2.28
0.74403 -83.1267 2.29
0.737368 -83.4995 2.3
0.730631 -83.869 2.31
0.72382 -84.2352 2.32
0.716937 -84.5978 2.33
0.709981 -84.9571 2.34
0.702954 -85.3128 2.35
0.695856 -85.665 2.36
0.688688 -86.0137 2.37
0.681451 -86.3587 2.38
0.674145 -86.7001 2.39
0.666771 -87.0378 2.4
0.659329 -87.3719 2.41
0.651822 -87.7021 2.42
0.644249 -88.0287 2.43
0.636611 -88.3514 2.44
0.628908 -88.6703 2.45
0.621143 -88.9853 2.46
0.613314 -89.2964 2.47
0.605424 -89.6036 2.48
0.597473 -89.9068 2.49
0.589461 -90.206 2.5
0.581391 -90.5013 2.51
0.573261 -90.7924 2.52
0.565074 -91.0795 2.53
0.556829 -91.3625 2.54
0.548529 -91.6413 2.55
0.540173 -91.916 2.56
0.531763 -92.1865 2.57
0.523298 -92.4528 2.58
0.514782 -92.7148 2.59
0.506213 -92.9725 2.6
0.497593 -93.226 2.61
0.488922 -93.4751 2.62
0.480203 -93.7199 2.63
0.471435 -93.9603 2.64
0.462619 -94.1963 2.65
0.453756 -94.4279 2.66
0.444848 -94.6551 2.67
0.435894 -94.8778 2.68
0.426897 -95.096 2.69
0.417856 -95.3097 2.7
0.408773 -95.5188 2.71
0.399649 -95.7234 2.72
0.390484 -95.9235 2.73
0.381279 -96.1189 2.74
0.372036 -96.3097 2.75
0.362756 -96.4959 2.76
0.353438 -96.6775 2.77
0.344085 -96.8544 2.78
0.334696 -97.0266 2.79
0.325274 -97.1941 2.8
0.315819 -97.3568 2.81
0.306332 -97.5149 2.82
0.296813 -97.6682 2.83
0.287265 -97.8167 2.84
0.277687 -97.9604 2.85
0.268081 -98.0994 2.86
0.258447 -98.2335 2.87
0.248787 -98.3628 2.88
0.239102 -98.4873 2.89
0.229393 -98.6069 2.9
0.21966 -98.7217 2.91
0.209904 -98.8316 2.92
0.200127 -98.9366 2.93
0.19033 -99.0367 2.94
0.180513 -99.1319 2.95
0.170677 -99.2222 2.96
0.160824 -99.3076 2.97
0.150954 -99.388 2.98
0.141069 -99.4635 2.99
0.131169 -99.5341 3
0.121255 -99.5997 3.01
0.111329 -99.6603 3.02
0.101391 -99.716 3.03
0.0914429 -99.7667 3.04
0.0814848 -99.8125 3.05
0.0715181 -99.8532 3.06
0.0615437 -99.889 3.07
0.0515627 -99.9197 3.08
0.041576 -99.9455 3.09
0.0315846 -99.9663 3.1
0.0215896 -99.9821 3.11
0.011592 -99.9929 3.12
0.00159263 -99.9987 3.13
-0.00840735 -99.9995 3.14
-0.018407 -99.9953 3.15
-0.0284053 -99.9861 3.16
-0.0384013 -99.9719 3.17
-0.0483939 -99.9527 3.18
-0.0583822 -99.9285 3.19
-0.0683651 -99.8993 3.2
-0.0783417 -99.8651 3.21
-0.088311 -99.826 3.22
-0.098272 -99.7818 3.23
-0.108224 -99.7327 3.24
-0.118165 -99.6786 3.25
-0.128095 -99.6195 3.26
-0.138013 -99.5555 3.27
-0.147917 -99.4865 3.28
-0.157807 -99.4126 3.29
-0.167682 -99.3337 3.3
-0.17754 -99.2499 3.31
-0.187382 -99.1612 3.32
-0.197205 -99.0675 3.33
-0.207008 -98.969 3.34
-0.216792 -98.8655 3.35
-0.226554 -98.7572 3.36
-0.236295 -98.644 3.37
-0.246012 -98.5259 3.38
-0.255705 -98.403 3.39
-0.265373 -98.2752 3.4
-0.275015 -98.1426 3.41
-0.28463 -98.0052 3.42
-0.294217 -97.863 3.43
-0.303775 -97.716 3.44
-0.313303 -97.5642 3.45
-0.3228 -97.4077 3.46
-0.332266 -97.2464 3.47
-0.341699 -97.0804 3.48
-0.351098 -96.9097 3.49
-0.360463 -96.7343 3.5
-0.369792 -96.5543 3.51
-0.379084 -96.3695 3.52
-0.388339 -96.1802 3.53
-0.397556 -95.9862 3.54
-0.406734 -95.7876 3.55
-0.415871 -95.5845 3.56
-0.424967 -95.3768 3.57
-0.434022 -95.1645 3.58
-0.443033 -94.9478 3.59
-0.452001 -94.7265 3.6
-0.460923 -94.5008 3.61
-0.469801 -94.2706 3.62
-0.478632 -94.036 3.63
-0.487415 -93.797 3.64
-0.49615 -93.5536 3.65
-0.504836 -93.3058 3.66
-0.513472 -93.0537 3.67
-0.522058 -92.7974 3.68
-0.530591 -92.5367 3.69
-0.539072 -92.2718 3.7
-0.5475 -92.0026 3.71
-0.555873 -91.7293 3.72
-0.564191 -91.4518 3.73
-0.572454 -91.1701 3.74
-0.580659 -90.8843 3.75
-0.588807 -90.5944 3.76
-0.596897 -90.3005 3.77
-0.604927 -90.0026 3.78
-0.612898 -89.7006 3.79
-0.620808 -89.3947 3.8
-0.628656 -89.0848 3.81
-0.636441 -88.771 3.82
-0.644164 -88.4534 3.83
-0.651823 -88.1319 3.84
-0.659417 -87.8066 3.85
-0.666945 -87.4775 3.86
-0.674408 -87.1446 3.87
-0.681803 -86.8081 3.88
-0.689131 -86.4678 3.89
-0.69639 -86.124 3.9
-0.70358 -85.7765 3.91
-0.710701 -85.4254 3.92
-0.71775 -85.0708 3.93
-0.724729 -84.7126 3.94
-0.731635 -84.3511 3.95
-0.738469 -83.986 3.96
-0.74523 -83.6176 3.97
-0.751916 -83.2458 3.98
-0.758528 -82.8707 3.99
-0.765064 -82.4923 4
-0.771525 -82.1106 4.01
-0.777909 -81.7258 4.02
-0.784215 -81.3377 4.03
-0.790444 -80.9466 4.04
-0.796594 -80.5523 4.05
-0.802665 -80.155 4.06
-0.808656 -79.7547 4.07
-0.814566 -79.3514 4.08
-0.820396 -78.9451 4.09
-0.826144 -78.536 4.1
-0.831811 -78.124 4.11
-0.837394 -77.7092 4.12
-0.842894 -77.2916 4.13
-0.848311 -76.8713 4.14
-0.853643 -76.4483 4.15
-0.85889 -76.0227 4.16
-0.864052 -75.5944 4.17
-0.869128 -75.1636 4.18
-0.874117 -74.7303 4.19
-0.87902 -74.2945 4.2
-0.883835 -73.8563 4.21
-0.888562 -73.4157 4.22
-0.893201 -72.9728 4.23
-0.897751 -72.5275 4.24
-0.902212 -72.08 4.25
-0.906583 -71.6303 4.26
-0.910864 -71.1785 4.27
-0.915055 -70.7245 4.28
-0.919154 -70.2684 4.29
-0.923162 -69.8103 4.3
-0.927078 -69.3503 4.31
-0.930902 -68.8883 4.32
-0.934634 -68.4244 4.33
-0.938272 -67.9587 4.34
-0.941817 -67.4911 4.35
-0.945269 -67.0219 4.36
-0.948626 -66.5509 4.37
-0.951889 -66.0782 4.38
-0.955057 -65.604 4.39
-0.958131 -65.1282 4.4
-0.961109 -64.6509 4.41
-0.963991 -64.1721 4.42
-0.966778 -63.6919 4.43
-0.969468 -63.2103 4.44
-0.972062 -62.7275 4.45
-0.974559 -62.2433 4.46
-0.976959 -61.7579 4.47
-0.979262 -61.2714 4.48
-0.981468 -60.7837 4.49
-0.983576 -60.2949 4.5
-0.985586 -59.8051 4.51
-0.987498 -59.3143 4.52
-0.989312 -58.8226 4.53
-0.991027 -58.33 4.54
-0.992644 -57.8366 4.55
-0.994162 -57.3424 4.56
-0.995581 -56.8475 4.57
-0.996901 -56.3518 4.58
-0.998122 -55.8556 4.59
-0.999243 -55.3587 4.6
-1.00027 -54.8614 4.61
-1.00119 -54.3635 4.62
-1.00201 -53.8652 4.63
-1.00273 -53.3665 4.64
-1.00336 -52.8675 4.65
-1.00388 -52.3682 4.66
-1.00431 -51.8686 4.67
-1.00463 -51.3689 4.68
-1.00485 -50.869 4.69
-1.00498 -50.369 4.7
-1.005 -49.869 4.71
-1.00492 -49.369 4.72
-1.00475 -48.8691 4.73
-1.00447 -48.3693 4.74
-1.0041 -47.8697 4.75
-1.00362 -47.3702 4.76
-1.00304 -46.8711 4.77
-1.00237 -46.3722 4.78
-1.00159 -45.8737 4.79
-1.00072 -45.3756 4.8
-0.999744 -44.878 4.81
-0.99867 -44.3809 4.82
-0.997497 -43.8844 4.83
-0.996224 -43.3884 4.84
-0.994852 -42.8931 4.85
-0.993382 -42.3986 4.86
-0.991812 -41.9048 4.87
-0.990144 -41.4118 4.88
-0.988377 -40.9197 4.89
-0.986512 -40.4284 4.9
-0.984549 -39.9382 4.91
-0.982487 -39.4489 4.92
-0.980328 -38.9607 4.93
-0.978072 -38.4736 4.94
-0.975718 -37.9876 4.95
-0.973267 -37.5029 4.96
-0.970719 -37.0194 4.97
-0.968075 -36.5372 4.98
-0.965335 -36.0563 4.99
-0.962498 -35.5769 5
-0.959566 -35.0988 5.01
-0.956538 -34.6223 5.02
-0.953415 -34.1473 5.03
-0.950197 -33.6739 5.04
-0.946885 -33.2021 5.05
-0.943478 -32.732 5.06
-0.939978 -32.2637 5.07
-0.936384 -31.7971 5.08
-0.932697 -31.3323 5.09
-0.928917 -30.8694 5.1
-0.925045 -30.4084 5.11
-0.921081 -29.9494 5.12
-0.917025 -29.4923 5.13
-0.912878 -29.0374 5.14
-0.90864 -28.5845 5.15
-0.904312 -28.1337 5.16
-0.899894 -27.6852 5.17
-0.895386 -27.2389 5.18
-0.89079 -26.7948 5.19
-0.886105 -26.3531 5.2
-0.881331 -25.9137 5.21
-0.876471 -25.4768 5.22
-0.871522 -25.0423 5.23
-0.866488 -24.6103 5.24
-0.861367 -24.1808 5.25
-0.85616 -23.7539 5.26
-0.850869 -23.3296 5.27
-0.845493 -22.908 5.28
-0.840032 -22.4892 5.29
-0.834489 -22.073 5.3
-0.828862 -21.6597 5.31
-0.823153 -21.2492 5.32
-0.817362 -20.8416 5.33
-0.81149 -20.4368 5.34
-0.805537 -20.0351 5.35
-0.799504 -19.6363 5.36
-0.793392 -19.2406 5.37
-0.787201 -18.8479 5.38
-0.780932 -18.4584 5.39
-0.774585 -18.072 5.4
-0.768161 -17.6888 5.41
-0.76166 -17.3089 5.42
-0.755085 -16.9322 5.43
-0.748434 -16.5588 5.44
-0.741709 -16.1888 5.45
-0.73491 -15.8221 5.46
-0.728038 -15.4589 5.47
-0.721094 -15.0991 5.48
-0.714078 -14.7428 5.49
-0.706991 -14.39 5.5
-0.699834 -14.0408 5.51
-0.692608 -13.6952 5.52
-0.685313 -13.3532 5.53
-0.67795 -13.0149 5.54
-0.670519 -12.6803 5.55
-0.663022 -12.3494 5.56
-0.655459 -12.0222 5.57
-0.647831 -11.6989 5.58
-0.640139 -11.3794 5.59
-0.632384 -11.0638 5.6
-0.624565 -10.7521 5.61
-0.616685 -10.4442 5.62
-0.608743 -10.1404 5.63
-0.600741 -9.84051 5.64
-0.59268 -9.54465 5.65
-0.58456 -9.25284 5.66
-0.576381 -8.9651 5.67
-0.568146 -8.68147 5.68
-0.559855 -8.40196 5.69
-0.551507 -8.12662 5.7
-0.543106 -7.85546 5.71
-0.53465 -7.58852 5.72
-0.526141 -7.32582 5.73
-0.517581 -7.06739 5.74
-0.508969 -6.81325 5.75
-0.500307 -6.56343 5.76
-0.491595 -6.31795 5.77
-0.482834 -6.07684 5.78
-0.474026 -5.84013 5.79
-0.465171 -5.60783 5.8
-0.456269 -5.37996 5.81
-0.447323 -5.15656 5.82
-0.438333 -4.93765 5.83
-0.429299 -4.72324 5.84
-0.420222 -4.51336 5.85
-0.411104 -4.30802 5.86
-0.401946 -4.10726 5.87
-0.392748 -3.91108 5.88
-0.383511 -3.71952 5.89
-0.374236 -3.53258 5.9
-0.364924 -3.35029 5.91
-0.355577 -3.17266 5.92
-0.346194 -2.99972 5.93
-0.336777 -2.83147 5.94
-0.327327 -2.66794 5.95
-0.317845 -2.50915 5.96
-0.308331 -2.35511 5.97
-0.298787 -2.20582 5.98
-0.289214 -2.06132 5.99
-0.279612 -1.92162 6
-0.269983 -1.78672 6.01
-0.260327 -1.65664 6.02
-0.250646 -1.53139 6.03
-0.240941 -1.41099 6.04
-0.231211 -1.29546 6.05
-0.221459 -1.18479 6.06
-0.211686 -1.079 6.07
-0.201891 -0.978105 6.08
-0.192077 -0.882112 6.09
-0.182245 -0.79103 6.1
-0.172394 -0.70487 6.11
-0.162527 -0.623639 6.12
-0.152644 -0.547346 6.13
-0.142747 -0.475997 6.14
-0.132835 -0.409601 6.15
-0.122911 -0.348164 6.16
-0.112975 -0.291692 6.17
-0.103028 -0.240191 6.18
-0.0930714 -0.193666 6.19
-0.083106 -0.152121 6.2
-0.0731328 -0.115561 6.21
-0.0631527 -0.0839897 6.22
-0.0531669 -0.0574096 6.23
-0.0431762 -0.0358237 6.24
-0.0331817 -0.0192341 6.25
-0.0231844 -0.00764244 6.26
-0.0131852 -0.00104998 6.27
-0.0031853 0.000542673 6.28
0.00681447 -0.00286465 6.29
0.0168131 -0.0112716 6.3
0.0268095 -0.0246773 6.31
0.0368027 -0.0430805 6.32
0.0467917 -0.0664793 6.33
0.0567756 -0.0948714 6.34
0.0667533 -0.128254 6.35
0.0767238 -0.166623 6.36
0.0866861 -0.209976 6.37
0.0966393 -0.258308 6.38
0.106582 -0.311614 6.39
0.116514 -0.369889 6.4
0.126434 -0.433126 6.41
0.13634 -0.50132 6.42
0.146233 -0.574464 6.43
0.15611 -0.652551 6.44
0.165971 -0.735572 6.45
0.175815 -0.823519 6.46
0.185641 -0.916384 6.47
0.195448 -1.01416 6.48
0.205235 -1.11683 6.49
0.215001 -1.22439 6.5
0.224745 -1.33683 6.51
0.234466 -1.45413 6.52
0.244163 -1.57629 6.53
0.253835 -1.70329 6.54
0.263481 -1.83512 6.55
0.2731 -1.97177 6.56
0.282692 -2.11321 6.57
0.292255 -2.25945 6.58
0.301788 -2.41046 6.59
0.31129 -2.56624 6.6
0.320761 -2.72675 6.61
0.330199 -2.89199 6.62
0.339603 -3.06194 6.63
0.348973 -3.23659 6.64
0.358308 -3.41591 6.65
0.367607 -3.59989 6.66
0.376868 -3.78851 6.67
0.386091 -3.98175 6.68
0.395275 -4.17959 6.69
0.404418 -4.38202 6.7
0.413521 -4.58901 6.71
0.422582 -4.80053 6.72
0.431601 -5.01658 6.73
0.440575 -5.23713 6.74
0.449505 -5.46215 6.75
0.45839 -5.69162 6.76
0.467228 -5.92553 6.77
0.476019 -6.16385 6.78
0.484762 -6.40654 6.79
0.493456 -6.6536 6.8
0.5021 -6.90499 6.81
0.510694 -7.16069 6.82
0.519236 -7.42068 6.83
0.527725 -7.68492 6.84
0.536161 -7.95339 6.85
0.544543 -8.22607 6.86
0.55287 -8.50293 6.87
0.561142 -8.78393 6.88
0.569356 -9.06906 6.89
0.577514 -9.35828 6.9
0.585613 -9.65156 6.91
0.593653 -9.94888 6.92
0.601633 -10.2502 6.93
0.609552 -10.5555 6.94
0.61741 -10.8647 6.95
0.625206 -11.1779 6.96
0.632938 -11.4949 6.97
0.640607 -11.8158 6.98
0.648212 -12.1405 6.99
0.655751 -12.469 7
0.663224 -12.8013 7.01
0.67063 -13.1372 7.02
0.677968 -13.4769 7.03
0.685239 -13.8202 7.04
0.69244 -14.1671 7.05
0.699571 -14.5176 7.06
0.706632 -14.8717 7.07
0.713622 -15.2292 7.08
0.72054 -15.5903 7.09
0.727386 -15.9548 7.1
0.734158 -16.3227 7.11
0.740856 -16.6939 7.12
0.74748 -17.0685 7.13
0.754028 -17.4464 7.14
0.760501 -17.8275 7.15
0.766897 -18.2119 7.16
0.773216 -18.5994 7.17
0.779457 -18.9901 7.18
0.785619 -19.3839 7.19
0.791703 -19.7807 7.2
0.797707 -20.1805 7.21
0.80363 -20.5834 7.22
0.809473 -20.9892 7.23
0.815234 -21.3978 7.24
0.820914 -21.8094 7.25
0.82651 -22.2237 7.26
0.832024 -22.6409 7.27
0.837454 -23.0608 7.28
0.842799 -23.4833 7.29
0.84806 -23.9085 7.3
0.853235 -24.3364 7.31
0.858325 -24.7668 7.32
0.863328 -25.1997 7.33
0.868245 -25.6351 7.34
0.873074 -26.0729 7.35
0.877815 -26.5131 7.36
0.882468 -26.9557 7.37
0.887033 -27.4006 7.38
0.891508 -27.8477 7.39
0.895893 -28.2971 7.4
0.900189 -28.7486 7.41
0.904394 -29.2023 7.42
0.908508 -29.658 7.43
0.91253 -30.1157 7.44
0.916461 -30.5755 7.45
0.9203 -31.0372 7.46
0.924046 -31.5008 7.47
0.927699 -31.9662 7.48
0.931259 -32.4335 7.49
0.934725 -32.9025 7.5
0.938098 -33.3732 7.51
0.941376 -33.8455 7.52
0.944559 -34.3195 7.53
0.947648 -34.7951 7.54
0.950641 -35.2722 7.55
0.953539 -35.7507 7.56
0.95634 -36.2307 7.57
0.959046 -36.712 7.58
0.961655 -37.1947 7.59
0.964168 -37.6787 7.6
0.966584 -38.1639 7.61
0.968902 -38.6502 7.62
0.971123 -39.1378 7.63
0.973247 -39.6264 7.64
0.975272 -40.116 7.65
0.9772 -40.6066 7.66
0.97903 -41.0982 7.67
0.980761 -41.5906 7.68
0.982393 -42.0839 7.69
0.983927 -42.578 7.7
0.985362 -43.0728 7.71
0.986698 -43.5683 7.72
0.987934 -44.0645 7.73
0.989072 -44.5613 7.74
0.990109 -45.0586 7.75
0.991048 -45.5564 7.76
0.991887 -46.0546 7.77
0.992626 -46.5532 7.78
0.993265 -47.0522 7.79
0.993805 -47.5515 7.8
0.994244 -48.051 7.81
0.994584 -48.5507 7.82
0.994824 -49.0506 7.83
0.994964 -49.5505 7.84
0.995004 -50.0505 7.85
0.994943 -50.5505 7.86
0.994783 -51.0504 7.87
0.994523 -51.5503 7.88
0.994163 -52.0499 7.89
0.993703 -52.5494 7.9
0.993143 -53.0486 7.91
0.992483 -53.5475 7.92
0.991724 -54.0461 7.93
0.990865 -54.5442 7.94
0.989906 -55.0419 7.95
0.988848 -55.5391 7.96
0.98769 -56.0358 7.97
0.986433 -56.5318 7.98
0.985078 -57.0272 7.99
0.983623 -57.5219 8
0.982069 -58.0158 8.01
0.980416 -58.5089 8.02
0.978665 -59.0012 8.03
0.976815 -59.4926 8.04
0.974868 -59.983 8.05
0.972822 -60.4724 8.06
0.970679 -60.9608 8.07
0.968438 -61.4481 8.08
0.966099 -61.9342 8.09
0.963664 -62.4192 8.1
0.961132 -62.9029 8.11
0.958503 -63.3853 8.12
0.955778 -63.8664 8.13
0.952956 -64.346 8.14
0.950039 -64.8243 8.15
0.947026 -65.3011 8.16
0.943919 -65.7763 8.17
0.940716 -66.25 8.18
0.937418 -66.722 8.19
0.934027 -67.1924 8.2
0.930541 -67.661 8.21
0.926962 -68.1279 8.22
0.92329 -68.593 8.23
0.919525 -69.0562 8.24
0.915668 -69.5175 8.25
0.911718 -69.9768 8.26
0.907677 -70.4342 8.27
0.903545 -70.8895 8.28
0.899321 -71.3427 8.29
0.895007 -71.7938 8.3
0.890604 -72.2427 8.31
0.88611 -72.6894 8.32
0.881528 -73.1338 8.33
0.876857 -73.5759 8.34
0.872098 -74.0156 8.35
0.867251 -74.453 8.36
0.862316 -74.8879 8.37
0.857295 -75.3203 8.38
0.852188 -75.7501 8.39
0.846995 -76.1774 8.4
0.841717 -76.6021 8.41
0.836355 -77.0242 8.42
0.830908 -77.4435 8.43
0.825377 -77.86 8.44
0.819764 -78.2738 8.45
0.814068 -78.6848 8.46
0.80829 -79.0929 8.47
0.80243 -79.4981 8.48
0.796491 -79.9003 8.49
0.79047 -80.2995 8.5
0.784371 -80.6958 8.51
0.778192 -81.0889 8.52
0.771935 -81.4789 8.53
0.765601 -81.8658 8.54
0.759189 -82.2495 8.55
0.752701 -82.63 8.56
0.746137 -83.0072 8.57
0.739498 -83.3811 8.58
0.732785 -83.7517 8.59
0.725997 -84.1189 8.6
0.719137 -84.4827 8.61
0.712204 -84.843 8.62
0.7052 -85.1999 8.63
0.698124 -85.5532 8.64
0.690979 -85.903 8.65
0.683763 -86.2492 8.66
0.676479 -86.5917 8.67
0.669127 -86.9307 8.68
0.661707 -87.2659 8.69
0.65422 -87.5973 8.7
0.646668 -87.9251 8.71
0.639051 -88.249 8.72
0.631369 -88.5691 8.73
0.623623 -88.8854 8.74
0.615815 -89.1977 8.75
0.607944 -89.5062 8.76
0.600012 -89.8107 8.77
0.59202 -90.1112 8.78
0.583968 -90.4077 8.79
0.575857 -90.7001 8.8
0.567688 -90.9885 8.81
0.559462 -91.2728 8.82
0.551179 -91.553 8.83
0.54284 -91.829 8.84
0.534447 -92.1008 8.85
0.526 -92.3684 8.86
0.5175 -92.6318 8.87
0.508948 -92.8909 8.88
0.500344 -93.1457 8.89
0.49169 -93.3962 8.9
0.482985 -93.6424 8.91
0.474233 -93.8842 8.92
0.465432 -94.1216 8.93
0.456584 -94.3546 8.94
0.44769 -94.5832 8.95
0.438751 -94.8073 8.96
0.429767 -95.027 8.97
0.42074 -95.2421 8.98
0.411671 -95.4527 8.99
0.402559 -95.6587 9
0.393407 -95.8602 9.01
0.384215 -96.0571 9.02
0.374985 -96.2494 9.03
0.365716 -96.4371 9.04
0.35641 -96.6202 9.05
0.347068 -96.7985 9.06
0.337691 -96.9722 9.07
0.328279 -97.1412 9.08
0.318834 -97.3055 9.09
0.309357 -97.465 9.1
0.299848 -97.6198 9.11
0.290309 -97.7699 9.12
0.280741 -97.9152 9.13
0.271143 -98.0556 9.14
0.261519 -98.1913 9.15
0.251867 -98.3221 9.16
0.24219 -98.4482 9.17
0.232488 -98.5693 9.18
0.222762 -98.6856 9.19
0.213014 -98.7971 9.2
0.203244 -98.9036 9.21
0.193453 -99.0053 9.22
0.183642 -99.1021 9.23
0.173812 -99.194 9.24
0.163964 -99.2809 9.25
0.1541 -99.3629 9.26
0.144219 -99.44 9.27
0.134324 -99.5121 9.28
0.124415 -99.5793 9.29
0.114492 -99.6415 9.3
0.104558 -99.6988 9.31
0.0946129 -99.7511 9.32
0.0846578 -99.7984 9.33
0.0746937 -99.8408 9.34
0.0647216 -99.8781 9.35
0.0547426 -99.9105 9.36
0.0447576 -99.9379 9.37
0.0347676 -99.9602 9.38
0.0247737 -99.9776 9.39
0.0147768 -99.99 9.4
0.00477785 -99.9974 9.41
-0.00522204 -99.9998 9.42
-0.0152219 -99.9972 9.43
-0.0252207 -99.9896 9.44
-0.0352176 -99.977 9.45
-0.0452114 -99.9594 9.46
-0.0552011 -99.9367 9.47
-0.0651859 -99.9092 9.48
-0.0751646 -99.8766 9.49
-0.0851364 -99.839 9.5
-0.0951001 -99.7964 9.51
-0.105055 -99.7489 9.52
-0.114999 -99.6964 9.53
-0.124933 -99.6389 9.54
-0.134855 -99.5764 9.55
-0.144764 -99.509 9.56
-0.154658 -99.4367 9.57
-0.164538 -99.3594 9.58
-0.174402 -99.2771 9.59
-0.184249 -99.19 9.6
-0.194078 -99.0979 9.61
-0.203888 -99.0009 9.62
-0.213678 -98.899 9.63
-0.223447 -98.7922 9.64
-0.233195 -98.6806 9.65
-0.242919 -98.564 9.66
-0.25262 -98.4427 9.67
-0.262296 -98.3164 9.68
-0.271947 -98.1854 9.69
-0.28157 -98.0495 9.7
-0.291166 -97.9088 9.71
-0.300734 -97.7633 9.72
-0.310271 -97.6131 9.73
-0.319779 -97.4581 9.74
-0.329254 -97.2983 9.75
-0.338698 -97.1338 9.76
-0.348108 -96.9646 9.77
-0.357483 -96.7907 9.78
-0.366824 -96.6121 9.79
-0.376128 -96.4289 9.8
-0.385395 -96.241 9.81
-0.394624 -96.0485 9.82
-0.403815 -95.8514 9.83
-0.412965 -95.6497 9.84
-0.422074 -95.4434 9.85
-0.431142 -95.2326 9.86
-0.440167 -95.0173 9.87
-0.449149 -94.7975 9.88
-0.458086 -94.5732 9.89
-0.466978 -94.3444 9.9
-0.475824 -94.1112 9.91
-0.484622 -93.8736 9.92
-0.493373 -93.6316 9.93
-0.502075 -93.3852 9.94
-0.510727 -93.1345 9.95
-0.519329 -92.8795 9.96
-0.527879 -92.6202 9.97
-0.536377 -92.3566 9.98
-0.544821 -92.0888 9.99
